0,799.3468628
41.45187257348066,801.3748779
82.90374514696131,801.9285278
124.35561772044197,801.3111572
165.80749029392263,798.1680908
207.2593628674033,794.37323
248.71123544088394,791.8851929
290.1631080143646,789.3746338
331.61498058784525,786.7474976
373.0668531613259,784.4237061
414.5187257348066,782.5575562
455.9705983082872,780.9818115
497.4224708817679,779.6646729
538.8743434552485,777.2323608
580.3262160287292,774.3178101
621.7780886022099,769.4346924
663.2299611756905,764.8477173
704.6818337491711,755.9293213
746.1337063226518,749.3261108
787.5855788961325,743.4631348
829.0374514696132,742.460144
870.4893240430938,744.9209595
911.9411966165744,746.3607178
953.3930691900551,737.2007446
994.8449417635358,727.2580566
1036.2968143370165,723.6871338
1077.748686910497,721.8240356
1119.2005594839777,720.1695557
1160.6524320574583,720.6154175
1202.104304630939,714.8834839
1243.5561772044198,708.4348755
1285.0080497779004,703.4769287
1326.459922351381,698.5189819
1367.9117949248616,692.4627686
1409.3636674983422,690.4893799
1450.815540071823,691.0236206
1492.2674126453037,689.2654419
1533.7192852187843,682.4787598
1575.171157792265,682.4569092
1616.6230303657455,680.1566162
1658.0749029392264,676.8250122
1699.526775512707,675.4547729
1740.9786480861876,672.0118408
1782.4305206596682,671.9420166
1823.8823932331488,671.4705811
1865.3342658066294,669.3433838
1906.7861383801103,667.425354
1948.238010953591,663.6558838
1989.6898835270715,659.1798096
2031.1417561005521,658.2996826
2072.593628674033,657.1585693
2114.0455012475136,655.5961304
2155.497373820994,652.5177002
2196.949246394475,649.265625
2238.4011189679554,646.5924072
2279.852991541436,642.8325195
2321.3048641149167,641.0297852
2362.7567366883973,637.0782471
2404.208609261878,633.0250244
2445.660481835359,628.4242554
2487.1123544088396,627.6773682
2528.56422698232,626.9388428
2570.016099555801,625.1547241
2611.4679721292814,624.7059937
2652.919844702762,624.0848999
2694.3717172762426,623.241394
2735.8235898497232,622.0736694
2777.275462423204,620.616394
2818.7273349966845,617.5628052
2860.179207570165,612.5913086
2901.631080143646,608.5183716
2943.082952717127,604.3792725
2984.5348252906074,602.9094849
3025.986697864088,602.6378174
3067.4385704375686,603.3797607
3108.8904430110492,598.0662842
3150.34231558453,593.352356
3191.7941881580105,591.0565186
3233.246060731491,591.0794067
3274.6979333049717,587.3450928
3316.1498058784528,588.7249756
3357.6016784519334,587.3486328
3399.053551025414,584.1245728
3440.5054235988946,581.7531738
3481.957296172375,580.2346802
3523.409168745856,579.685791
3564.8610413193364,579.2467041
3606.312913892817,578.3012695
3647.7647864662977,577.904541
3689.2166590397783,578.604248
3730.668531613259,577.5300903
3772.12040418674,575.4675293
3813.5722767602206,573.9105225
3855.024149333701,572.5198975
3896.476021907182,571.5168457
3937.9278944806624,569.789917
3979.379767054143,567.4686279
4020.8316396276236,565.6190796
4062.2835122011043,563.8361206
4103.735384774585,561.8829956
4145.187257348066,559.7173462
4186.639129921547,556.1550903
4228.091002495027,552.6606445
4269.542875068508,549.241394
4310.994747641988,545.5913696
4352.446620215469,541.6716309
4393.89849278895,539.7437744
4435.35036536243,538.7901611
4476.802237935911,537.3671875
4518.2541105093915,535.8631592
4559.705983082872,534.4036865
4601.157855656353,533.1431274
4642.609728229833,532.3533936
4684.061600803314,531.1368408
4725.5134733767945,529.2295532
4766.965345950275,526.7468262
4808.417218523756,523.8813477
4849.869091097236,521.1317139
4891.320963670718,518.3392334
4932.7728362441985,515.8265991
4974.224708817679,513.348999
5015.67658139116,510.9380798
5057.12845396464,508.2137451
5098.580326538121,504.8094788
5140.032199111602,503.1296082
5181.484071685082,504.7442017
5222.935944258563,506.5233765
5264.387816832043,506.371521
5305.839689405524,506.4292908
5347.291561979005,504.8511658
5388.743434552485,502.5822144
5430.195307125966,500.3978882
5471.6471796994465,497.9563293
5513.099052272927,497.3498535
5554.550924846408,495.8609924
5596.002797419888,494.416748
5637.454669993369,493.2149048
5678.90654256685,494.1598206
5720.35841514033,495.7574768
5761.810287713812,494.7127991
5803.262160287292,493.0406494
5844.714032860773,490.7507629
5886.165905434254,488.8076477
5927.617778007734,488.5229492
5969.069650581215,488.4663086
6010.521523154695,487.8230286
6051.973395728176,485.3902283
6093.425268301657,482.7434082
6134.877140875137,480.3380432
6176.329013448618,478.171814
6217.7808860220985,476.1846313
6259.232758595579,474.3218689
6300.68463116906,472.9702759
6342.13650374254,471.5940247
6383.588376316021,470.5762024
6425.0402488895015,469.472229
6466.492121462982,467.8312073
6507.943994036463,466.5088806
6549.395866609943,464.6363831
6590.847739183424,463.673584
6632.2996117569055,463.8763123
6673.751484330386,463.9624329
6715.203356903867,462.933197
6756.655229477347,460.8935852
6798.107102050828,459.2649841
6839.558974624309,457.8374939
6881.010847197789,457.1350098
6922.46271977127,456.850769
6963.91459234475,456.3453674
7005.366464918231,456.1913757
7046.818337491712,456.508728
7088.270210065192,457.3243408
7129.722082638673,458.0298767
7171.1739552121535,457.5996399
7212.625827785634,456.0426941
7254.077700359115,454.0438843
7295.529572932595,451.9541626
7336.981445506076,449.6325989
7378.433318079557,447.8031616
7419.885190653037,447.1398315
7461.337063226518,446.4813232
7502.788935799998,445.8777771
7544.24080837348,445.9376831
7585.6926809469605,446.2257996
7627.144553520441,444.9150696
7668.596426093922,442.724884
7710.048298667402,440.8042908
7751.500171240883,440.5755005
7792.952043814364,440.0078125
7834.403916387844,438.7906799
7875.855788961325,437.8640137
7917.307661534805,437.4178162
7958.759534108286,436.8131104
8000.211406681767,435.7980042
8041.663279255247,435.4497681
8083.115151828728,435.1639709
8124.5670244022085,434.5015564
8166.018896975689,433.4844055
8207.47076954917,431.7642212
8248.92264212265,430.6107483
8290.374514696132,430.2578125
8331.826387269612,429.9338074
8373.278259843093,429.6097717
8414.730132416573,429.1069641
8456.182004990054,427.8886719
8497.633877563534,425.3677063
8539.085750137016,424.3472595
8580.537622710495,423.2206116
8621.989495283977,422.1559143
8663.441367857456,421.7342224
8704.893240430938,420.9509583
8746.345113004418,419.9264221
8787.7969855779,419.5578308
8829.248858151379,418.8760071
8870.70073072486,418.0524902
8912.152603298342,418.3103333
8953.604475871822,417.5906677
8995.056348445303,416.8821716
9036.508221018783,415.9666138
9077.960093592264,414.8375244
9119.411966165744,414.5030212
9160.863838739226,413.8410645
9202.315711312705,413.0897827
9243.767583886187,414.4434204
9285.219456459667,416.6175537
9326.671329033148,417.0140686
9368.123201606628,418.2391357
9409.57507418011,418.6497803
9451.026946753589,418.8979492
9492.47881932707,417.7294617
9533.93069190055,415.2653809
9575.382564474032,412.2552795
9616.834437047512,409.6699524
9658.286309620993,409.1633911
9699.738182194473,408.2190247
9741.190054767954,407.3894043
9782.641927341436,405.6416626
9824.093799914916,403.9916382
9865.545672488397,403.5517273
9906.997545061877,403.499939
9948.449417635358,403.2079163
9989.901290208838,403.2271118
10031.35316278232,403.5198669
10072.8050353558,402.747406
10114.25690792928,400.7055664
10155.70878050276,399.6037598
10197.160653076242,399.2249756
10238.612525649722,397.6915283
10280.064398223203,397.750885
10321.516270796683,395.3363647
10362.968143370164,394.9000549
10404.420015943644,395.269928
10445.871888517126,394.9596863
10487.323761090605,395.2192993
10528.775633664087,395.3716736
10570.227506237567,395.2344666
10611.679378811048,394.1362
10653.13125138453,393.4854431
10694.58312395801,392.4509583
10736.03499653149,391.0643311
10777.48686910497,390.1861572
10818.938741678452,388.9808655
10860.390614251932,388.5109863
10901.842486825413,387.6852112
10943.294359398893,387.3800964
10984.746231972375,385.7966309
11026.198104545854,384.6330872
11067.649977119336,386.2875366
11109.101849692815,385.7073364
11150.553722266297,383.5721741
11192.005594839777,382.1683044
11233.457467413258,381.6144714
11274.909339986738,381.3037109
11316.36121256022,381.3504639
11357.8130851337,381.6862488
11399.26495770718,381.8580627
11440.71683028066,381.2970886
11482.168702854142,380.4355164
11523.620575427623,379.7047729
11565.072448001103,379.237915
11606.524320574585,378.8037415
11647.976193148064,377.1585388
11689.428065721546,375.4961243
11730.879938295026,374.6177368
11772.331810868507,374.3813782
11813.783683441987,373.7466125
11855.235556015468,371.7712708
11896.687428588948,370.1009216
11938.13930116243,370.6257019
11979.59117373591,370.9220886
12021.04304630939,370.5704956
12062.49491888287,370
12103.946791456352,369.8746338
12145.398664029832,369.0394592
12186.850536603313,368.8193665
12228.302409176793,368.8353882
12269.754281750274,368.9454346
12311.206154323754,369
12352.658026897236,369.4171753
12394.109899470717,371.2399902
12435.561772044197,372.4500122
12477.013644617678,372.5223694
12518.465517191158,371.4690857
12559.91738976464,371.2008057
12601.36926233812,373.0184937
12642.8211349116,374.4377747
12684.27300748508,373.5961609
12725.724880058562,370.7881165
12767.176752632042,367.9360962
12808.628625205523,365.9321899
12850.080497779003,364.7212524
12891.532370352485,363.9786072
12932.984242925964,362.5642395
12974.436115499446,365.0757141
13015.887988072926,366.6879272
13057.339860646407,368.3335876
13098.791733219887,367.5661926
13140.243605793368,367.1742249
13181.695478366848,367.75354
13223.14735094033,368.2057495
13264.599223513811,367.0275879
13306.05109608729,366.9940186
13347.502968660772,368.6473999
13388.954841234252,370.7607117
13430.406713807733,372.8968811
13471.858586381213,371.8728333
13513.310458954695,368.0995789
13554.762331528174,364.9624939
13596.214204101656,365.8264465
13637.666076675136,363.9252625
13679.117949248617,362.184021
13720.569821822097,369.5975037
13762.021694395578,372.8088379
13803.473566969058,371.4081421
13844.92543954254,370.324646
13886.37731211602,367.5994568
13927.8291846895,363.5704956
13969.28105726298,360.2922974
14010.732929836462,358.9393005
14052.184802409942,360.4573975
14093.636674983423,361.9362793
14135.088547556903,362.258728
14176.540420130385,360.7085571
14217.992292703866,361.2176514
14259.444165277346,363.6073608
14300.896037850827,367.7486877
14342.347910424307,373.2220764
14383.799782997788,370.9249573
14425.251655571268,374.3771667
14466.70352814475,377.2195129
14508.15540071823,381.6319885
14549.607273291711,389.3746338
14591.05914586519,391.5366516
14632.511018438672,393.5257263
14673.962891012152,394.8077087
14715.414763585633,395.0948181
14756.866636159113,394.8166809
14798.318508732595,394.0629578
14839.770381306074,392.1621094
14881.222253879556,391.7542419
14922.674126453036,389.639801
14964.125999026517,386.2003784
15005.577871599997,381.6664429
15047.029744173478,378.4205017
15088.48161674696,374.5632629
15129.93348932044,370.7078552
15171.385361893921,365.3210754
15212.8372344674,357.1867676
15254.289107040882,350.2612
15295.740979614362,341.2211609
15337.192852187844,339.2535095
15378.644724761323,338.2149963
15420.096597334805,339.7374573
15461.548469908284,341.8865356
15503.000342481766,344.6622009
15544.452215055246,347.5924072
15585.904087628727,349.9451904
15627.355960202207,352.0002136
15668.807832775688,353.6947937
15710.259705349168,355.5415039
15751.71157792265,357.608429
15793.16345049613,358.768158
15834.61532306961,360.1445618
15876.06719564309,362.1389465
15917.519068216572,364.0134277
15958.970940790054,365.1359253
16000.422813363533,365.483551
16041.874685937015,365.1036682
16083.326558510495,364.5632935
16124.778431083976,363.6904907
16166.230303657456,364.0578003
16207.682176230937,364.8147583
16249.134048804417,364.895813
16290.585921377899,365.1039124
16332.037793951378,365.2341309
16373.48966652486,363.5376587
16414.94153909834,361.4898376
16456.39341167182,359.9958801
16497.8452842453,360.4364929
16539.297156818782,360.7028809
16580.749029392264,360.5962219
16622.20090196574,360.3824463
16663.652774539223,358.9951172
16705.104647112705,358.6936035
16746.556519686186,359.3417358
16788.008392259664,364.3998413
16829.460264833146,362.2843628
16870.912137406627,358.4382019
16912.36400998011,355.2197266
16953.81588255359,353.4223633
16995.267755127068,353.5809326
17036.71962770055,353.7501221
17078.17150027403,353.7891846
17119.623372847513,353.9344177
17161.07524542099,354.9146423
17202.527117994472,357.9075928
17243.978990567954,361.4988708
17285.430863141435,363.5081787
17326.882735714913,363.592926
17368.334608288395,365.7374573
17409.786480861876,368.26474
17451.238353435358,370.3574219
17492.690226008835,369.6136169
17534.142098582317,370.0962524
17575.5939711558,369.6084595
17617.04584372928,368.9876099
17658.497716302758,368.3551636
17699.94958887624,366.6740112
17741.40146144972,364.5326233
17782.853334023202,362.8410034
17824.305206596684,362.3354797
17865.757079170162,361.8097839
17907.208951743643,357.5486145
17948.660824317125,363.6843262
17990.112696890606,364.6934204
18031.564569464084,366.1531982
18073.016442037566,368.1808777
18114.468314611047,368.7621155
18155.92018718453,368.6034241
18197.372059758007,367.9420776
18238.82393233149,366.5254211
18280.27580490497,364.0729675
18321.72767747845,362.0301514
18363.17955005193,360.3985901
18404.63142262541,358.2132874
18446.083295198892,361.4126282
18487.535167772374,363.5284729
18528.98704034585,364.3529968
18570.438912919333,364.2311096
18611.890785492815,363.3306885
18653.342658066296,361.6672058
18694.794530639778,359.6245422
18736.246403213256,361.5163574
18777.698275786737,360.2974243
18819.15014836022,357.8738403
18860.6020209337,356.7514954
18902.053893507178,355.8955078
18943.50576608066,354.8921509
18984.95763865414,356.5621033
19026.409511227623,358.5574646
19067.8613838011,360.7858887
19109.313256374582,362.3048096
19150.765128948064,362.3356934
19192.217001521545,362.8383179
19233.668874095023,364.1273804
19275.120746668505,366.9598083
19316.572619241986,365.4067383
19358.024491815468,365.5231934
19399.476364388946,366.589386
19440.928236962427,367.6329346
19482.38010953591,367.369812
19523.83198210939,367.5832825
19565.28385468287,368.2744751
19606.73572725635,368.1673889
19648.18759982983,367.3188782
19689.639472403313,365.677063
19731.091344976794,364.8132324
19772.543217550272,364.5444946
19813.995090123753,364.9916992
19855.446962697235,367.9029846
19896.898835270717,370.7911377
19938.350707844194,375.688446
19979.802580417676,379.7016602
20021.254452991157,381.9330139
20062.70632556464,380.2727051
20104.158198138117,380.0343323
20145.6100707116,373.6849976
20187.06194328508,370.2908936
20228.51381585856,376.094696
20269.96568843204,374.3762207
20311.41756100552,372.678772
20352.869433579002,368.5433044
20394.321306152484,364.3961182
20435.773178725965,361.0119629
20477.225051299443,358.7883911
20518.676923872925,358.1520996
20560.128796446406,355.8531494
20601.580669019888,352.6765137
20643.032541593366,346.1185608
20684.484414166847,337.8087463
20725.93628674033,330.3025818
20767.38815931381,322.4857788
20808.84003188729,320.9019165
20850.29190446077,319.1594543
20891.74377703425,316.565094
20933.195649607733,313.4801636
20974.64752218121,312.2433777
21016.099394754692,310.2028198
21057.551267328174,308.5724182
21099.003139901655,304.6888733
21140.455012475133,301.9312439
21181.906885048615,298.8302002